51231
50661
51896
51208
51837
50006
47693
47789
50807
50241
51554
49484
51538
50298
47694
47778
45150
47564
45497
49315
45464
41994
45532
47784
40562
49849
45435
46140
45289
43995
50643
49991
51859
51234
51020
50449
51205
51883
47713
47792
50244
50988
46068
47715
51540
47781
50193
45186
47787
46136
42012
45422
45514
46013
40351
45253
39719
40286
40424
40555
50658
50609
50724
50005
51863
51894
50182
51016
49975
47144
45133
47957
50809
50700
51871
47747
45243
44661
51008
47139
45447
50061
45933
42044
45539
44658
45699
47930
50211
49799
50629
50717
51233
50418
47129
51851
47791
51813
50974
51206
46993
50975
47126
47974
51379
51790
47779
50243
47603
50172
46992
47605
51536
46137
47786
47838
45421
50266
45865
45240
50651
51872
50686
49994
47143
51918
47208
51007
47927
50032
50785
47585
47141
47587
45446
47203
47663
50292
45275
44008
45549
45291
45146
40198
49809
41894
40740
40325
39731
39252
50663
51230
51921
50722
50011
51209
50782
50176
50983
51874
47788
47956
47236
50984
50240
51005
46045
47782
47745
45665
45520
47235
51537
47783
46135
45419
42018
45976
50299
45273
50613
50702
50996
47084
51930
51862
47921
50997
49978
46973
50063
51017
47081
50773
47617
46972
47977
45557
45508
47837
45558
50263
50314
49796
40561
45119
41882
40301
41899
45831
50694
51232
50056
51207
47189
49891
51823
51882
49892
47062
47790
50242
50990
51777
47187
45488
47780
47051
51539
47931
47785
40560
45238
46034
46139
42006
45420
45468
47620
45848
50699
49890
47205
51899
47097
49893
50062
51850
50804
47940
47194
45135
51380
47092
45537
49234
47721
46050
45566
45258
45567
45483
47560
50286
49231
40558
40246
40750
45441
40326
50398
50397
50714
50614
50636
50664
50170
50644
49977
50384
50424
49990
51849
50610
47928
50008
50377
47237
50720
51381
51884
51557
45495
45297
47224
50174
47732
49967
47618
46046
50348
50365
50345
50353
50360
50340
50357
47188
50366
40432
45518
40255
47182
45148
50359
50346
45866
45466
48722
47059
45308
50259
50339
50358
47041
40685
39229
47213
45535
49076
50704
50732
50608
51815
51932
50068
51939
49968
46980
50427
51910
47517
49191
48408
51788
50771
50047
48708
51803
47941
46979
49499
50793
49189
45620
42348
49494
45990
45970
47724
