51290
51149
51302
50679
48171
50821
49472
51137
51825
50026
48164
48141
51435
49327
50108
51585
48158
47690
49473
47959
48134
51421
41328
49830
49326
47746
46191
48102
46184
45439
51292
51147
51304
50819
51839
47923
51135
48138
47613
48168
51552
51438
50113
48137
47712
48167
50171
45136
48131
51424
41282
48161
40470
45492
46187
46196
40439
45349
45352
39548
50658
50724
50005
51894
51863
50609
50182
47144
50809
51016
50700
49975
47957
45133
51871
47139
47747
51008
50061
44661
45933
50211
45243
47930
45447
44658
45699
45443
49799
42044
51294
51145
50649
51300
48169
50973
51870
50823
49996
51139
47096
48166
48139
51433
50106
48159
51009
47602
47094
48136
45519
51419
48129
46194
41317
50312
40469
46186
45354
45237
50630
47066
50417
51885
47583
50985
47055
50318
41641
40323
45149
47155
46009
48974
48975
39722
41626
41640
51820
37696
39283
41639
51783
41625
41638
40739
41624
47151
51291
51148
50615
51301
50981
50822
51814
51138
49979
48172
48142
51789
50107
51434
48163
48133
45462
48162
51420
48132
41294
46189
45293
47498
50212
46183
45351
45512
41288
45839
50705
50994
50069
51908
47145
50795
47140
45616
47929
45556
47669
41631
45455
45830
45548
45185
47112
40341
41618
41630
51925
40200
37643
46076
40695
46077
47174
41629
50778
39308
51293
51146
50696
51303
47190
50820
51136
49898
48170
48140
47186
50806
50109
51436
48165
48135
46192
48160
51422
48130
46049
45353
41305
47249
45482
45847
46185
50697
48998
48987
51920
50665
49894
50783
50009
46989
46988
45565
47504
40519
45260
45378
40409
40270
41635
41634
44930
41621
39215
44891
44892
45564
41633
41620
40749
47077
43502
41331
50607
50398
50397
50714
50664
50614
50400
50170
50636
49977
51849
50008
50644
50384
50399
50610
50377
50424
50720
49990
51381
47928
51557
47237
51884
49967
47224
50174
46046
45495
50386
50348
50365
50345
50353
50360
50340
47188
50357
45518
47182
50366
40432
48722
40255
45308
45466
50259
45148
50359
50346
45866
40685
39229
49078
47213
47059
45490
40682
49076
50339
50725
51887
50731
51828
51898
50966
50648
51582
50429
47524
47960
51943
47968
50805
48414
48412
50181
48410
49992
48521
47743
51799
44424
44423
47815
45457
50273
42366
45954
45953
50734
50608
51815
50685
51939
46980
51944
51875
49968
51910
50428
47206
49191
48408
51788
50051
48709
47941
48519
46979
51803
51798
51004
47193
50793
47962
49189
42348
45620
50719
51922
50173
50635
47064
47958
50781
50423
47053
47742
47146
45617
50309
47138
40273
45115
45271
45314
40698
42526
40192
49490
39199
40350
40699
42532
39311
49308
40321
45270
42584
40712
