51237
51247
51202
51192
49468
48323
51906
50843
50837
49331
48318
50626
47965
50797
51511
46209
50214
48313
50202
47813
45408
48292
46201
51499
47686
41020
45687
49470
45402
48287
50698
51245
51235
50059
51811
51204
51194
48321
51792
47926
50839
50845
48320
46044
48290
51514
47250
47616
48315
48289
45474
46211
41045
51502
40518
45410
47707
48283
46204
45404
50658
50005
50724
51863
51894
50182
45133
51016
50609
47144
47957
50809
51871
50700
44661
49975
47747
51008
47139
42044
45699
45933
44658
50061
50211
49799
45443
45447
47930
42045
48325
51239
51249
48316
51200
51190
50723
48294
51840
48310
50841
50835
48285
51551
46206
50971
51509
47209
45411
48281
47597
45867
50177
45531
51497
40995
47204
40283
40514
45259
50687
50030
51929
45460
47579
47068
50774
49787
48980
47056
40324
41066
47916
48981
45316
37788
51914
45187
40209
41065
41061
40737
50789
41064
47576
39307
47610
41060
41063
51238
48324
51201
50703
48317
50980
51827
50842
50064
48312
51583
51248
48293
51191
51510
49837
47961
48286
45943
46199
46207
45239
50836
45401
45406
41008
48284
51498
47744
40515
50992
50671
51919
50015
50784
46991
45151
47932
46990
41071
45554
45828
46073
40327
51935
50993
41070
47563
41052
46074
40693
47621
45333
41069
40272
47153
41051
50762
30044
51236
51203
48322
49900
51860
50844
48319
51246
51019
47087
48314
51193
50450
51512
46210
48291
50838
47083
45409
48990
48288
51500
41034
49847
40517
40352
51829
48282
45845
50265
49896
47099
50652
51873
47090
49993
51006
49238
50283
45615
45563
49235
40237
50711
45513
45701
41075
51818
43996
44896
43469
49798
39734
41074
51785
44897
45989
47109
50398
50397
50714
50614
50400
50170
50664
50384
49977
50399
50377
50610
47928
51849
50636
50008
50720
50644
51381
51884
50424
51557
47224
49967
45451
49990
47618
45297
50386
50174
50348
50353
50365
50357
50345
50360
50340
47188
40255
48722
50366
45148
40432
47182
45518
45866
50359
45466
50346
47059
45308
39229
40685
49078
47213
50339
50259
50358
47041
45535
50734
50608
51815
50685
51939
51944
46980
51875
51910
50428
47206
49968
49191
48408
51788
48519
50051
46979
48709
47941
51803
51798
51004
50793
47193
49189
47962
42348
45620
47156
47113
47938
51893
47676
50676
51846
47148
47104
47526
47973
45484
45930
50810
47816
47966
40386
51938
45448
50016
45607
45077
45222
45876
46031
50303
50050
28438
