50605
51242
49952
48353
51197
51877
48348
47942
50832
51237
51247
49469
51002
51505
48343
47718
47685
50197
51202
51192
49330
48323
46212
49468
45164
45610
40543
49824
45329
45412
50673
51240
51864
48351
50022
51199
51015
51911
48350
50698
50834
51245
51235
47969
50792
48345
51811
50059
47704
51508
51194
51204
45543
47829
48321
51792
47245
45227
47926
50839
51890
50452
50633
50658
50852
51822
47060
50421
50724
51863
50005
49485
51779
51894
47915
50182
50647
51016
47043
45517
47144
47957
50809
45945
45133
50228
49989
45480
50700
50609
50689
51903
51244
50038
46965
50800
48355
51195
50970
48346
50830
51239
51249
46960
46205
48325
47595
51503
48341
51200
51190
45413
45524
48294
50297
48316
47244
50841
50835
50723
50655
51914
50789
50000
47916
47074
47576
50687
50030
47610
47073
50209
45454
40282
45301
40736
49820
45460
51929
41226
39702
47068
48982
47579
39278
49787
47211
41225
40324
51243
50619
51196
51926
50188
50979
51238
50777
50831
51201
45444
48324
48354
50980
51827
51504
50842
50304
48317
48347
50703
51583
45836
51248
46200
40262
41138
48312
47561
50064
50688
50993
51935
47153
50413
51853
50762
51325
50992
45553
50270
45827
50671
49810
45467
51919
50015
41236
39762
46991
50784
45895
40275
39379
40692
47231
41235
37407
46075
45151
51241
50645
51829
51198
48352
49901
49988
51566
51236
47191
50833
48349
51203
47184
48344
48322
51860
49900
46208
45844
51506
50844
45416
45504
48319
51246
51019
45143
40522
41200
50711
51818
47109
49897
51891
51785
50812
47933
47106
45989
49896
45244
47099
47683
45562
50071
50652
50295
47090
49993
40549
45249
40367
49831
46346
51873
40746
40184
49238
51006
50402
50401
50604
50398
50618
49949
50387
51843
50614
52572
50714
51900
50376
50186
50664
47075
50397
50678
47934
51387
49977
51560
50803
52571
50170
50025
51849
50384
47703
46048
50343
50342
50355
47131
47734
45522
47115
50365
48722
50357
50345
45286
50348
50360
50340
50353
46038
40431
45518
45148
45866
45263
40684
49074
40255
47946
50198
40256
45931
50259
50734
51875
51944
51893
50737
51916
51876
47156
47526
50685
51941
50810
50012
51004
51798
50050
50787
51003
47206
47966
47148
47973
45132
50428
48712
39763
48511
48507
48515
45449
51801
50051
50303
47816
50315
50710
51893
50184
51916
50737
47156
47526
50810
50050
50787
47966
50012
47148
47973
50654
48444
48507
48511
48440
50303
47816
42234
51938
51819
47808
50191
42210
42267
42277
50411
45463
46097
47001
45957
45959
50463
47667
42609
42608
42604
42603
40322
45169
40710
