51296
50713
48204
51143
51866
51427
50073
48211
50826
51013
48214
50206
41679
45893
45993
45523
49471
40473
49328
47529
41678
46161
40329
47689
45356
42550
39399
41677
39553
50646
49987
51299
51830
47972
51140
51430
51565
50824
48207
47832
46157
47708
45245
45265
41716
48208
45359
49785
40494
48217
50293
41715
39556
40305
41714
40437
43481
45677
41713
47060
50633
50452
51822
51890
50421
47043
51867
45517
51779
50852
47915
51842
50228
50647
51012
51548
49485
50728
49989
47607
46008
47110
44664
50180
40369
45480
46040
39421
51807
50972
50656
51298
47004
48206
51923
51141
50001
48209
51425
50780
47000
47954
50828
48216
41662
47739
40471
47599
46159
41661
40539
45453
45358
39554
39386
49841
40277
40319
45940
51820
50670
51783
50333
47155
45611
47581
47151
45108
41841
39765
40738
39247
41840
45869
40186
44203
50264
41839
37853
47496
41830
48976
35167
35171
33893
50675
51904
51295
50982
50021
50799
51144
47945
51426
48203
50827
48212
41774
47719
45838
46043
48213
45312
40362
40472
46158
41773
45355
40541
39299
49838
39557
47177
45325
39727
50707
51925
50067
46095
50778
50995
47112
49806
47107
45491
41833
45555
45829
40205
41832
39279
40694
45709
37194
41831
43484
40260
45547
41827
47170
50994
46078
51889
50697
51297
51841
49899
50858
50042
51142
51428
51550
46975
48205
50825
50269
45536
41668
48210
45141
46160
46974
45357
40493
48215
45324
41667
45846
40333
44011
39761
39555
49895
50607
49950
51856
47919
47248
45162
47077
51023
45564
47608
45302
40243
50308
45232
47071
41836
39196
40748
41835
39701
41828
51920
50783
44893
50678
50402
50025
51843
50618
50401
50604
47075
50657
51387
50186
51900
52572
51560
47070
50387
49949
51855
49999
50803
45456
50376
46966
50693
52571
45608
45525
45503
50453
47730
47131
50343
50342
47115
50355
44253
46038
47948
47725
45263
40431
40684
49074
47946
42990
47726
39257
40531
46312
50365
50360
50340
50345
45518
50198
40371
46082
51941
51876
51801
48515
51003
48712
42262
45132
45489
45969
50315
42261
45449
42260
42259
45970
45971
45527
42347
45147
42353
45972
45332
45685
42346
42352
42345
41384
42351
47941
50736
50676
50621
50708
51942
50641
50426
51846
50016
51893
50183
51868
49997
47526
48663
46969
50179
47113
51800
51384
48509
48511
50050
50810
51011
47973
47953
47938
46958
47104
