51227
51212
51924
50072
50080
49478
48383
47674
50779
51543
47943
49321
48378
46151
45472
47717
45299
51221
40829
44006
45431
48371
50640
40528
49819
51218
48433
47220
40826
49986
51229
50674
51210
48381
51865
50020
50082
48380
51014
51545
47697
48374
50660
46037
50208
40870
46149
51224
40530
40185
47502
51847
45320
45433
50003
51215
39608
48455
51383
40866
50728
50647
51867
50180
50633
51822
51842
49989
51012
50421
50452
47110
51779
47060
51548
47915
51890
50852
47105
45517
50682
47043
46040
47607
45459
49485
45945
50023
51807
45820
51225
50606
50965
51214
51902
48385
49951
50078
50801
47589
47086
48376
51541
48372
50968
51220
47082
46146
46968
50681
51917
45429
40790
50272
45225
50786
50024
51219
48451
40525
50659
46967
51832
50002
47935
47572
51563
46961
45663
47680
45888
50611
50230
47565
47111
40733
40330
51901
40890
45264
50802
39729
49960
47570
40889
47918
47108
39195
40888
50690
50977
51226
47240
50037
51892
51213
51844
48384
47234
50079
47917
50811
51386
51542
48377
51835
48375
47609
50978
50075
46148
51222
40810
50194
51556
45833
45430
45481
45997
50620
50187
51821
47002
51879
51782
50987
51000
46999
47925
46041
50691
45241
47614
45550
50991
47076
45161
51831
40883
40317
50036
49808
45824
51564
47229
40278
40881
37171
47072
51228
50624
51817
49903
51211
50192
48382
51854
51786
47132
50081
48379
47970
47121
45134
51544
48373
47830
51223
49904
50612
47061
51895
40850
40529
51216
45982
46150
40318
45841
50639
49983
49906
51915
47154
50788
47150
45599
50625
50305
40591
50190
47511
49907
45559
47003
51816
39706
45501
51787
45560
44306
40882
40206
40742
45988
46997
47952
45330
52572
50402
50657
50693
50678
50618
52571
51878
50401
49999
50414
50025
50186
51855
50453
51900
51843
46966
51001
50604
47075
52570
47920
50803
51387
51559
50387
51560
52569
47934
50343
47131
50342
47115
50355
42987
50198
46038
45931
47948
45263
40431
47725
47214
49074
40684
47734
45522
45286
39257
44253
40256
46312
40531
48722
40371
46082
51876
48712
51003
45132
51941
45449
45489
40383
48515
50315
42262
39416
45969
51801
41383
42261
49128
40429
37693
42260
42259
39763
35076
35110
33737
50654
50621
51916
50676
50672
51868
51893
50708
46969
51858
51846
47001
50411
50183
51938
47953
47526
47971
47966
50787
50016
50046
50412
47113
47973
51011
46958
50810
51021
51384
