50701
51272
50060
51167
48582
50867
47681
49476
51470
48577
49323
48564
40934
46180
45226
45372
46028
49851
40571
40298
40933
47172
39628
39260
39760
44949
41388
40932
44296
44901
50617
51273
51824
49980
51166
51586
48580
50865
47702
48579
51473
48572
46182
45140
40964
40590
45373
49829
40377
40573
45321
40511
39725
40963
39631
39198
40962
40961
50700
50724
51871
50658
51894
50061
50609
50182
51008
47144
50809
51863
47930
50005
49975
45443
47139
51016
50196
47957
47619
46047
45933
47562
44662
45133
50211
45116
45243
42047
50680
51274
50969
51861
51165
48584
47147
50027
47593
50869
48575
51018
47142
51468
45445
48566
50294
46178
40910
45167
45374
40569
45305
40453
40907
39629
40210
39188
46057
40905
50721
51907
50175
47098
50796
47574
47093
45269
40984
46345
40332
45252
49797
45680
40735
40274
40983
48977
39235
40982
37240
40972
35175
35170
51832
33904
51270
50650
51886
51169
50976
49995
48583
50967
50868
48576
51469
48574
45928
50284
46179
47567
40928
45370
45835
45268
40316
40570
39703
39306
40927
39632
39228
40926
50667
51836
50010
50989
50451
47207
47195
51555
47924
45552
40978
47615
45505
47510
45826
45975
40241
40259
40976
43989
40691
39261
40974
37670
46071
40966
50623
51271
50199
51168
49902
51928
48581
47067
50866
48578
50775
47976
47057
51471
48568
47836
50229
46181
45843
40940
45371
45452
47503
45936
48992
40572
40363
40939
40204
39630
50632
50416
51931
49905
46986
50772
46985
45561
50215
45434
40592
40187
47199
45698
40745
40320
40977
39369
40975
40973
41394
44894
45599
45559
50400
50610
50399
50720
50664
51884
50174
50714
49967
47224
50636
50614
51849
50386
50644
50008
50170
50378
50986
49977
50424
51381
49990
47223
47733
47237
45614
51557
50384
45946
47059
47041
50346
50339
50358
50260
46051
45490
50366
40432
48724
45535
45518
50359
45929
45466
45308
47947
50259
45703
39229
40685
49078
47728
47215
40255
45292
50357
50726
46081
50734
50732
50704
51944
50685
50428
51875
50427
51932
50068
47517
47206
48519
51798
51004
50047
50051
47962
48709
50771
48708
42354
47193
45612
49499
45971
47809
45147
42353
51858
47526
47973
47966
47816
51938
47156
50654
51916
51893
48507
48511
48513
47001
50050
51021
42287
42210
42277
46097
45960
45957
45959
42286
42276
42209
47971
45315
