51261
51255
50661
50006
51178
51184
51837
51896
48035
50765
50392
50807
51554
51489
49483
47694
51484
47984
49482
48085
45497
49316
47914
46197
49317
47693
48078
46172
41916
41855
51257
51264
50449
51883
51182
51175
50643
48082
48029
49991
50988
51859
50396
50767
48081
47987
47715
51491
51020
51486
47981
48076
46068
46165
47713
46190
41935
45393
45514
41870
50724
50609
50700
51894
50182
50658
51871
47144
49975
50061
50809
51863
51008
47930
50005
47139
51016
45243
47957
45443
45933
50211
45447
46047
47619
45133
44662
47747
45236
50196
51263
51259
50717
50629
50975
51176
51180
50974
51813
51851
46993
48031
48083
50418
50172
50768
50394
51379
51790
47605
47603
47129
47986
46992
48080
51487
51482
47936
48075
47126
50686
50651
51918
50032
47208
49994
51872
50785
47143
47587
47585
47203
45446
47927
51007
47141
44008
45146
40198
50292
49809
47663
45423
41894
39731
45549
40338
40741
45275
45291
50722
51260
50983
50176
50984
50663
51874
51256
51179
47236
48037
51005
51921
51183
45520
50766
45665
50011
48086
47235
47983
51488
51483
50782
50391
47956
48077
47982
50299
46188
50702
50613
51862
50063
51930
49978
50997
46973
51017
50996
47084
50773
47977
46972
47837
47081
45558
47921
50314
50263
45119
40561
41899
45557
45831
41882
47617
45694
45306
45508
51262
51823
49892
49891
51882
50694
51258
51177
47062
48033
51777
50990
51181
50769
50056
47189
47931
47985
51490
47051
51485
48084
50393
47187
47980
46034
45488
46195
48079
47620
50699
49893
51850
47097
50062
51899
49890
51380
47205
45135
49234
50804
47092
45537
47940
46050
45566
45567
47194
49231
50286
47721
45483
45441
40558
46030
47560
49805
40326
40269
50400
50664
50644
50398
50636
50720
50610
50399
49990
50614
51849
50714
50424
50397
50174
50008
51884
47237
49967
47224
49977
50170
51381
50386
51557
50378
50986
47054
51558
47732
47059
50365
50345
50348
50360
47041
50340
50346
50353
50339
45490
48724
45518
50358
50366
40432
46051
50359
45308
45535
50259
47188
45466
50260
49076
40682
47182
45929
45703
40685
50734
50608
50685
51944
50428
51939
51875
49968
51910
51815
47206
46980
48408
49191
48519
51798
50051
51803
50793
51004
48709
47941
47962
51788
47193
49494
42348
49189
42354
