50605
51286
49952
51153
51877
48262
50115
47942
51460
51002
48257
49480
47685
47718
50197
48250
41158
49319
46143
45610
49824
45164
45329
45361
40543
41157
40505
40451
40344
39578
51288
50673
51864
50022
51151
48260
51015
51911
50117
48259
47969
50792
51462
47704
48253
47829
41218
50233
47245
46145
45300
45543
45227
45363
40507
41217
44003
40315
45711
40299
50452
50633
51890
51822
50421
47060
50852
51779
47915
49485
47043
45517
45945
47607
50228
45480
51807
45820
44664
47494
40065
46008
50647
40369
44659
39421
49989
40678
47110
42042
50689
51289
50038
51903
50970
51150
48264
50800
46965
50118
48255
51458
47595
46960
48251
46141
41088
45524
45364
50297
47244
43998
40503
41087
45941
40193
39579
46059
39724
39248
50655
51914
50000
50789
47074
47576
47916
47073
50209
47610
45454
40282
41226
45301
49820
40736
48982
47211
41225
39702
39278
37170
41224
43459
41223
51285
50619
51154
51926
50979
50188
50114
50777
48263
45444
51459
48256
50304
48254
41144
46142
47561
45360
45836
45109
40262
45679
39194
40242
41143
40504
39582
37886
41142
50688
50993
51935
50413
47153
51853
50762
51325
50270
45553
45827
41236
45467
49810
39762
40275
41235
45895
40692
47231
46075
37407
41234
39379
41233
50645
51287
51829
49988
49901
51152
47191
48261
51566
50116
47184
48258
51461
48252
45844
41206
45143
45504
46144
40331
45362
48983
41205
46019
49836
40506
40201
41204
39580
37669
50711
51818
49897
51891
47109
51785
50812
47933
47106
50071
45244
45989
47683
50295
45562
40549
45249
49831
46346
40184
40367
40746
41230
47175
41229
39236
44898
41228
50402
50401
50604
50618
50678
50186
50387
49949
51843
51900
50376
47075
50025
47934
51387
50803
51560
47703
47070
46048
45608
47730
45456
50271
46322
45157
45503
48954
40474
49803
50343
47131
50342
47115
50355
44253
47734
45522
46038
45286
48722
50198
45263
45931
49074
40684
40431
40256
47214
39257
46312
42990
46083
46082
50672
50654
50621
50710
50676
51916
51846
47113
50412
51858
46969
47001
47156
50184
50183
50411
51876
50016
51819
51938
51868
47938
48712
47953
50737
47966
50787
47971
50736
50046
50727
50695
51881
47515
50040
51857
47239
50998
47130
50735
50049
47233
50296
47951
51945
45533
47114
45256
50425
48710
47979
46033
50178
45613
45498
45233
49496
47737
49793
51797
