51281
51158
51837
50661
47761
50276
51554
51465
49481
50006
51896
47693
47754
49318
50298
41947
50807
47748
47564
45150
47694
45497
41946
46129
45532
40339
40562
45365
49849
45464
51284
50643
51155
49991
51859
47758
50279
51020
47757
50449
51467
47713
51883
47751
50988
46068
41966
50193
47715
46134
40419
49834
41965
45369
40286
39494
45186
46013
45514
40555
50724
50658
51894
50182
51863
47144
50005
50700
50809
50609
51016
47957
51871
47139
50061
45133
49975
45933
51008
47747
50211
47930
44661
45443
42043
45447
45243
42045
46047
44658
51283
50629
51813
50974
51156
50418
47129
50717
51790
50278
47603
51851
50975
51463
47974
47126
46993
51379
47759
47605
41954
47838
45272
46992
50172
50266
46130
47756
45368
49825
50651
49994
51872
47143
50686
47585
51918
47927
51007
50032
47141
47208
50785
47587
50292
47663
45446
47203
45275
44008
40325
45146
40198
45423
41909
48979
47173
40338
49809
45549
50663
51280
50983
51921
47236
51159
47762
50722
50011
45665
51874
50782
47956
50275
50176
47753
47235
51464
50984
51005
47745
46045
47752
45520
46132
41972
46131
49788
40415
50299
50613
51862
49978
50996
47084
50702
51017
51930
47921
50997
47081
50063
46973
47617
50773
50314
45557
47977
46972
41899
45558
47837
49796
40301
50263
40561
41898
45508
40696
45119
50694
51282
51882
49891
51157
50056
47189
50990
51823
50277
49892
51466
47187
51777
45488
47760
47062
46133
47755
41960
47931
45367
47051
49822
47750
46034
40560
45238
40417
41959
50699
50062
49890
51899
47205
50804
51850
47940
47097
49893
45537
47194
51380
47721
45135
49234
46050
47092
47560
45258
45566
45567
45483
49231
50286
40246
41903
45441
46030
44202
50398
50664
50397
50614
50714
51849
49977
50008
50170
50610
50720
50644
50636
51381
50384
51557
47928
49990
50174
50377
51884
50424
47237
46046
47224
49967
50386
45495
50378
50986
50345
50348
50340
50353
47188
45518
47182
50366
40432
45308
50357
50259
50359
50346
45466
47059
40255
49076
40682
50339
39229
40685
47213
50358
47041
45490
45148
45535
47946
45866
50725
50731
51828
51887
50648
51898
51943
47960
50429
51582
50966
47524
48414
48410
47968
48412
50181
50805
49992
51799
47743
48521
42366
44423
47815
44424
45457
45955
45953
45954
50704
50732
50608
51815
51932
51939
50068
47517
50427
51910
49968
46980
48408
49191
50047
51788
50771
47941
51803
48708
50793
46979
49499
42348
49189
49494
45970
47724
45620
45990
50719
50173
51922
47064
50635
47958
50781
47053
50423
50309
47146
47742
45617
47138
40273
42526
45271
45314
45115
40698
40192
40350
42525
39311
42524
49490
42538
42532
40699
50684
50631
51852
50033
51838
47922
50472
45294
47612
45511
50291
51553
42504
49185
47658
39712
42503
45170
45257
49852
45713
40284
37238
42502
39426
42521
42515
40245
40335
