50635
50719
51396
51407
51408
51409
50173
50423
51922
47064
47146
47437
47470
42527
42533
42539
49187
50781
47053
47138
47276
47309
47958
48032
49490
45617
42526
42532
42538
47742
47913
49308
50309
45115
45271
45314
39766
40192
40273
40350
42525
42531
42537
38322
39199
39311
40698
40699
42524
42530
42536
44210
35008
35016
35074
34179
34206
30911
33681
33736
34033
30872
32350
32361
31978
32961
29923
30049
33325
33334
28781
28346
32452
28525
28603
28728
28734
29269
29270
29271
29272
29273
29274
29170
32651
23048
23049
19366
22937
22994
23029
21597
23452
23453
23468
23469
17067
21666
20582
19142
21471
19891
19308
19309
19310
19311
19312
19315
13353
21185
37134
37364
37718
37889
42523
42529
42535
37051
37086
44022
44023
35609
38458
38459
35598
45849
45850
45851
45852
45853
45854
37817
27477
27534
27714
28213
28260
28387
28412
28938
28941
29330
32533
28187
32520
31493
31494
19922
43666
43667
18523
22253
22329
13524
18695
23156
13385
15805
22319
11928
15857
18602
4696
13261
18536
34140
11935
43663
43664
10796
18762
11625
17737
13030
12471
43660
43661
6803
11262
13029
10770
7515
15107
15108
1992
7685
9393
2565
43656
43657
16887
13031
43654
43655
2879
43515
5183
6341
36472
36471
36470
42796
36469
36468
36467
36466
39827
36465
38755
39118
39124
36464
36463
38217
38224
38293
36462
35858
36461
37024
37033
37074
38214
36460
36459
25099
25098
25097
25096
25095
31699
25094
25093
31823
25092
31731
31732
25091
25090
25089
25088
31715
25087
30857
25086
15942
15989
15941
15968
15988
15940
13315
15931
15987
15986
18425
20694
44731
15939
15967
18672
13371
15938
15985
11904
15930
15984
10709
15936
11870
15966
9944
10708
15983
16768
9644
15937
15982
19115
7557
15965
9914
5028
15981
7611
15980
7555
11859
15964
4125
9882
6774
9627
15979
4984
7610
7749
15978
7556
15963
15918
15929
15977
33266
15976
7609
15935
7344
15962
15934
2943
2944
15928
15975
4837
15973
9800
4836
15947
9769
15927
4838
15974
1131
5323
6898
7558
38579
15972
15912
15946
1172
7608
15206
15971
22784
34484
34486
7554
11855
3451
15945
7559
15926
23844
27398
5611
23401
15866
15933
15970
7508
15932
15944
7507
15925
15969
22206
43327
3424
27515
27516
13901
13902
13903
13904
13905
13914
13915
13916
13917
3423
13882
13883
13884
13885
13886
13887
3420
16967
7297
3360
3422
46861
6363
6364
2562
3419
19295
33012
33014
6292
6294
6295
6309
6310
6311
3421
6182
8624
8625
8626
6653
6654
23691
34829
44678
44679
44802
45067
11522
12860