51221
50640
48433
51218
49986
48430
50848
51543
49479
47677
48429
51227
49320
40829
50072
50311
51212
46166
51924
48383
45502
45472
45425
45935
47497
50080
50779
48378
40826
47674
50660
51224
50003
51215
51847
47944
48455
50846
51383
50674
47698
48454
51545
51229
51865
50020
48448
46167
51014
51210
40870
50234
47720
48381
47514
45428
45251
40548
50082
45697
50682
50627
50023
51934
47133
50195
47939
47116
50763
45485
50728
49492
50647
50633
44665
50310
50180
51867
49989
50452
49306
47679
50421
45696
51842
47110
51822
45459
45538
45262
51220
50681
50968
51917
50024
51219
48451
46968
50786
50850
47964
50606
47591
48450
51541
46962
51225
50965
51902
48436
47811
47086
49951
51214
45334
40790
46162
46039
50801
48385
50611
51901
49960
50802
47111
47570
47918
50659
47108
50002
46967
51832
40306
47611
45111
51563
47572
47935
45888
45283
40890
39764
45663
40734
46961
39467
37620
45264
48978
40889
51222
50978
50075
51835
51217
48453
51556
50849
48452
50690
51542
51892
51226
50977
51844
48449
50037
47240
51213
40810
46164
49843
51386
48384
47917
45228
50811
45426
45834
50079
50691
50991
50036
47076
51831
51564
47937
47072
50620
51821
51879
50187
50987
47002
45551
47711
45241
51782
51000
49853
40883
45139
45550
47925
45825
39759
46999
45304
46041
40263
50612
51223
49904
51895
48447
51216
49964
47061
50808
48446
50847
51544
50624
45594
51228
47052
48445
51854
51817
49903
50192
45267
51211
46169
47132
40850
48382
51786
45842
45427
50625
49907
50190
51816
47003
51787
47952
46997
50639
51915
49983
49906
47154
47738
45988
45560
50207
50788
45542
49795
45166
45559
45599
47150
40743
39717
47201
40297
40882
39234
50622
50642
50185
50404
49985
51913
50447
47157
47955
50403
50790
50388
47731
47149
50375
45112
50678
45471
50657
50618
50693
50604
47700
49489
52572
50025
51878
47243
50186
45874
50356
50364
50344
47088
50361
50341
47080
45158
46021
47216
49118
49116
47735
47949
47727
50352
45313
40257
49487
44253
50235
40683
49080
45507
51834
50444
50733
47660
51561
51940
47521
51880
46995
45137
51927
50638
47975
51845
41168
48711
49981
50474
47950
48422
48424
48420
47659
45870
47740
50999
45296
46994
51802
30724
47506
51869
51937
47967
50737
48714
50708
50672
50738
51947
50654
50760
51010
45442
49495
47810
50179
45876
47001
47156
51938
47526
50268
48507
48513
48511
48515
47500
51941
51916
49997
50290
49303
51876
51858
50729
51909
46964
47978
50065
50794
46963
45587
45877
47835
40400
45707
45450
49835
40266
40475
42560
39276
40701
43085
42508
42559
42558
35094
