51290
51302
50679
51149
51137
50026
51825
48141
47690
50821
50108
51421
51585
49472
47959
49473
48134
51435
48171
46184
49327
45439
47746
49326
48102
41322
45346
48164
45864
41328
51292
51304
51839
48138
51147
51135
51552
48168
50171
48137
50819
50113
47923
47712
48167
51424
47613
48131
45136
45492
46187
51438
48161
45349
41276
46196
45974
40594
40063
45352
50609
50724
50700
51871
49975
50658
51894
50182
51008
50061
47144
50809
50005
47930
45243
45443
51863
47139
50196
45447
51016
45133
45933
45822
51805
47957
50211
45116
47619
46047
51294
50649
51300
50973
47096
49996
51145
51139
51870
48169
48139
47094
50823
50106
45519
48166
47602
48136
51009
51419
50312
46194
48159
51433
48129
45354
46186
41311
45237
49786
50630
47066
51885
50417
47055
47583
50985
45149
50318
40323
41626
46009
40739
39722
41641
39283
48975
41625
37696
41624
41640
41639
41332
48974
41638
51820
50615
51301
51814
51138
49979
48172
50981
51789
50107
48142
51291
48163
48133
51148
51420
48162
45462
50212
51434
48132
45512
50822
45293
46183
41288
40460
45345
45839
47498
41294
50705
50069
47145
50994
51908
47140
50795
45616
47929
45556
47669
45548
45830
45455
41618
45185
40341
41631
40200
47174
39308
41617
40695
37643
41630
46077
41616
41629
41330
50696
51303
51136
48140
49898
47190
50806
50109
51293
48135
47186
51422
51146
48170
48130
51436
46049
45482
50820
48165
46185
41299
45847
40379
45347
48160
47249
41305
40462
40468
50665
49894
51920
50009
46989
50783
46988
45565
45260
45378
40409
40749
40519
40270
39215
41621
47504
41635
43502
41620
41634
44892
44930
41331
41633
30737
44891
50400
50610
50636
50399
50398
50664
50720
50644
51884
50424
50714
49967
50397
47224
50386
49990
50174
51849
50008
50170
47237
50986
50378
50614
51558
47223
47732
51381
45495
50384
47059
47041
50346
50348
50353
50339
50260
46051
50365
50345
50358
50360
45703
50340
45490
48724
50366
40432
45535
45518
45466
50359
45929
40685
47213
49078
39229
47947
47188
45308
50725
50731
51898
50429
51887
50181
50648
47524
51943
50805
51828
48414
47960
50966
47968
48521
49992
48410
51799
51582
45457
48412
44423
45479
42386
47743
47815
42366
45953
45234
50734
50608
51944
51875
50685
50428
51910
51939
49968
51815
47206
46980
49191
48519
51798
48408
50793
51004
50051
48709
51803
47941
47962
47193
49494
51788
49189
46979
42354
50635
50719
50423
50173
47146
51922
47138
47958
47064
45271
47742
50309
49490
50781
47053
45617
45314
45115
49308
40192
40699
42532
40350
40273
42526
39311
39199
47671
46138
