50626
51906
50202
48292
51247
51237
51499
50797
47686
49470
48287
51202
51192
48323
41014
49329
48280
50837
50843
51511
48318
47965
49804
45118
48313
41013
50214
41020
40510
46201
48290
50698
51245
51235
51502
48289
50059
47707
51811
51194
51204
45474
48283
48321
41039
51792
50845
50839
47926
48320
51514
46204
46044
45440
45404
48315
47616
41038
41045
40513
50700
51871
50061
50724
51008
50658
50609
51894
47930
50182
45443
47144
51863
50809
50196
49975
50005
47562
47619
42047
46047
44662
51016
47957
45116
51804
45823
47139
44657
45133
50723
50971
51840
50177
47209
51249
51239
47597
51551
51497
47204
51200
51190
48294
40994
48325
50835
50841
48285
51509
46198
45259
48316
45405
40588
48281
49826
40508
48310
40992
51929
47068
50687
50774
50030
47579
47056
41061
45460
45187
40209
45316
40737
41060
40324
41066
39307
41059
49787
48981
41047
41065
37788
48980
41064
41063
50655
50703
51248
50064
51191
48293
51498
50836
48286
50980
51238
51827
47961
48284
41002
51201
51583
47744
48324
51510
50842
40564
48317
45943
45837
44004
41008
45239
46199
39718
48312
50671
50015
46991
51919
50784
47932
46990
50992
47621
41052
45554
47563
45828
45333
41051
40272
41071
40693
45151
37855
41048
39251
41070
40327
41050
46074
41069
46073
51246
50450
47087
51193
48291
51500
47083
50838
49900
51236
51860
48288
41028
51203
48282
50265
48322
51512
51019
46202
45845
50844
45274
45403
48319
45544
49811
41027
41034
40512
50652
51873
49993
51006
49896
49238
47099
45615
49235
47090
45563
49798
45701
45513
39734
43996
41055
50283
40747
40237
41054
39189
41075
41049
43469
41074
44897
50711
50400
50610
50720
50399
51884
50398
50174
49967
47224
50386
50664
50714
50397
50986
50378
50636
50614
50644
47223
51849
47733
50170
51558
45614
50008
49977
50424
49990
45946
50313
47059
47041
50346
50339
50260
46051
50358
50348
45703
50365
45535
50345
50353
45490
48724
47947
50360
50340
50366
40432
45929
50726
47728
47215
50359
50354
45518
45292
47188
45466
50734
51944
50608
50428
50685
51875
51910
51939
48519
51815
51798
49968
46980
49191
47206
48408
50793
51004
51803
47962
49494
42354
50051
48709
51788
47941
45612
49189
42348
47193
50676
51846
47526
47973
45484
45930
47816
47966
51938
47113
47156
45607
51868
50654
50621
46969
51916
51893
47938
47953
46097
48511
48507
48509
47001
47676
42210
