51277
51162
51924
50072
48614
50326
47943
50779
49474
48609
51476
47674
47717
45472
49325
48604
50640
51266
45107
46156
49819
40576
40831
44006
49986
45377
51173
45299
48644
41386
51279
50674
51160
50020
51865
48612
50324
51014
48611
47697
50660
48606
51479
51847
50208
46152
47502
46037
51269
45380
51383
45320
40872
40578
40414
50003
51170
40185
48646
51273
50647
50728
51842
51890
50633
49989
51867
50180
47110
50852
51548
50421
51012
50452
47060
51822
47105
51779
47915
45459
45517
50627
46040
47043
50682
49485
45193
50195
50228
45945
50606
51275
51902
47086
51164
49951
50965
50801
50328
47082
48616
47589
48607
51474
50681
50968
51265
50272
51917
46154
48602
46968
50024
45375
40792
50786
50680
51174
45225
40574
50659
51832
50002
46967
51563
45663
47935
46961
47572
50230
50611
40330
47680
45888
39729
47111
50721
51901
45264
40733
47570
40890
47565
47918
50175
50802
49960
48978
39195
40889
50690
51276
51844
51892
50037
51163
50977
51386
48615
50811
47240
50327
47917
48608
47234
51475
48603
47609
51835
50194
51267
50075
50978
46155
40347
51556
45376
40812
51172
50650
50620
51821
51879
47002
50187
50987
51782
51000
47925
46999
50691
45241
46041
47614
51831
50991
45550
40278
47076
51564
49808
45824
40883
50036
50989
50451
45161
40317
47229
45551
50624
51278
51854
50192
51161
47132
49903
51817
48613
50325
51786
47121
48610
45134
50612
47970
51477
48605
51268
45982
49904
47061
47830
46153
51895
47495
45841
49964
51171
40577
50639
49983
51915
47154
49906
50788
47150
45599
50625
50190
45559
49907
51816
47003
50305
47511
39706
40591
51787
45501
49905
40206
47952
45560
46986
45330
39139
40742
46997
52572
50402
52571
50657
50604
50401
50693
51855
50678
50453
51878
51843
46966
49999
50618
51900
49949
52570
50025
50414
47920
47075
51387
51001
52569
50186
50387
50803
51560
46959
47131
50343
50355
47115
50342
42987
47734
45522
47948
46038
48722
40431
45286
47725
45263
40684
49074
47214
50198
40531
45931
50357
39257
40256
43573
46082
40371
50455
47661
45510
50415
50603
50727
50730
50735
51857
51833
49888
51905
51936
51946
50070
50425
47519
47078
47515
47239
49919
50178
50048
51562
50798
50761
51796
48402
48404
48517
48406
48713
50052
50049
47951
47069
49498
