51252
50713
51187
51866
50073
50089
49477
51013
51494
47689
49322
48230
41673
46125
48225
50206
47529
45993
45398
45893
48218
41672
40499
45523
42550
39399
40329
40296
39561
41671
51254
50646
51830
51185
49987
51565
50105
47708
47972
51496
48228
47832
46127
50293
48227
41684
45265
45245
45400
45677
48221
49785
40502
41683
47221
40305
39237
39565
41682
40437
50633
51822
50452
50421
51779
51890
47060
47915
50852
49485
47043
47607
45517
45945
45820
51807
50228
50647
47494
44664
49989
45480
46008
40065
51842
47110
40369
39421
50728
44659
51250
51189
51923
50087
48232
50656
47954
47004
50780
50972
47599
48223
51492
50001
47000
47739
50300
48219
41651
40277
46123
45940
45453
49841
40495
41650
45396
40539
39558
40319
50670
50333
51820
47155
51783
47151
47581
50264
45869
47496
45108
41841
45611
39765
40738
39247
41840
44203
48976
41839
40186
37853
41830
35167
35171
51904
50675
51251
50982
50799
50021
51188
47945
48231
50088
48224
51493
47719
48222
46124
46043
40541
41768
45325
45397
49838
45838
40496
45312
40362
47177
39560
41767
39727
37409
50707
50067
51925
50995
50778
47112
47107
45555
46095
45547
45491
41833
49806
40205
40260
45709
41832
47170
45829
39279
41831
46078
40694
41827
43484
37194
30040
50697
51841
49899
50042
51253
51889
51550
48229
51186
46975
50858
45536
51495
48226
50090
46974
46126
50269
48220
41656
49817
45399
44011
45846
45141
45324
40500
41655
39761
47202
50607
51856
49950
47077
49895
47071
50308
45564
47919
45162
51023
45302
47608
47248
39701
45232
41836
40748
39196
40243
41835
44297
41828
44893
50402
50618
50401
50186
50604
50678
51900
51843
50387
47075
50803
49949
50025
50376
51387
47934
52572
51560
45608
47070
47730
47703
46048
50271
50693
46322
52571
45456
45157
45503
50343
50342
47131
47115
50355
50198
46038
45931
44253
45263
47734
40431
45522
40684
49074
47214
45286
39257
40256
48722
46312
47948
42990
40371
47725
51927
51845
51880
47521
47950
50474
46995
48711
50999
47975
51385
47740
50733
49493
46994
51940
45570
45296
50262
50169
45870
49305
45327
47741
45261
47659
40385
49981
45086
46018
50672
50737
51916
51893
51858
51941
51876
50412
50012
50046
47526
47156
50787
50810
51021
51003
50050
51801
48511
48515
48507
48513
48712
47966
47973
47148
45132
42287
42210
42277
42262
45449
47816
50303
47808
50621
50654
50183
51868
46969
50411
51819
51938
47001
50676
51011
46958
47938
47971
50736
51784
50759
45484
46996
51846
48428
50016
45494
47676
45930
48435
48438
48432
47113
51942
47814
42250
47953
45331
50426
