51255
51837
51261
51184
50661
51896
50006
51554
51178
49482
50392
51489
48035
50807
49483
50765
49317
51484
47694
47984
46172
45497
47693
49316
41916
45391
46197
48085
50298
41855
51257
51182
50643
51264
50449
51859
49991
51883
50396
51175
48029
48082
51491
51020
50988
46068
50767
47715
47987
48081
51486
46190
41935
47713
48076
47981
46165
45390
46013
45393
50724
50609
51894
50182
50658
47144
50809
50700
49975
51871
51863
50005
47139
51008
50061
45933
51016
45243
50211
45447
47957
47930
45133
45443
42045
47747
44661
45822
51805
42043
51259
50717
51813
50974
51180
51263
51851
50629
51790
50394
46993
50975
51176
48083
47603
51379
50418
47129
48031
51487
50768
48080
46992
50172
47605
47986
51482
47126
48075
41922
50686
50651
51872
51918
47208
47585
49994
50032
50785
47143
47927
47587
45446
47203
51007
44008
47141
47663
45146
40198
49809
50292
45275
39731
45423
41894
48979
41909
40741
39390
50722
51260
50983
50663
47236
51874
50176
51179
51256
45665
48037
50984
51005
51921
50011
47235
50766
51488
51183
47956
47983
45520
48086
50782
51483
47745
50391
47982
46045
46188
50613
50702
51862
49978
51930
50997
51017
46973
50063
50996
50773
47084
46972
47921
47977
50314
47081
45558
47837
50263
41899
45557
47617
40561
45119
41882
45831
45306
41898
45694
51262
49891
51882
50694
51823
50990
51177
51258
49892
47062
48033
51777
50056
50769
51181
51490
47189
48084
47985
47051
47931
51485
50393
46195
47980
48079
41928
45488
47187
46034
50699
50062
47097
51850
49893
51899
47205
49890
51380
45135
45537
50804
47092
47940
49234
46050
47194
45566
45483
45567
50286
47721
49231
40558
49805
45441
47560
40326
46030
41903
50398
50664
50400
50636
50397
50714
50399
50644
51849
50610
50008
50614
50424
50170
49990
50720
51381
51557
47237
51884
49977
47224
50174
49967
45495
50384
46046
50386
47732
50377
50348
50365
50345
50353
50360
50340
45518
47188
50366
40432
47182
50359
50346
45466
45308
50259
47059
47213
40685
49078
39229
50339
50358
47041
49076
40682
45535
45490
40255
47946
50734
50608
50685
51939
51944
51875
50428
49968
51910
51815
47206
49191
46980
48408
48519
50051
48709
47941
51803
51798
51004
50793
47193
51788
47962
49189
42348
46979
49494
