51312
50072
51127
48488
51924
49466
50096
51415
48483
50779
50640
45472
47674
49333
47943
51306
48472
49986
49819
40830
47717
51133
48545
45107
44006
41386
46115
45299
40554
50855
50674
51314
50020
51865
48486
51125
51014
48485
47697
50098
50660
48478
51418
51847
51309
51383
46037
45320
46117
40871
40557
50003
51130
45344
48543
50208
47944
47502
39621
50853
50647
49989
50728
47110
51867
51890
50180
51842
50452
50852
50633
51012
51822
47105
51548
50682
50627
45459
50421
47060
51779
47915
49485
50023
50195
45945
47133
46040
51934
45517
50606
51310
49951
47086
50965
51902
51134
51129
50801
48490
50857
50094
47589
50681
47082
51305
51413
48481
50968
51917
50024
46968
50786
48474
46111
40791
45340
49791
50272
45225
50659
50002
46967
51832
47935
51563
47572
46961
45663
50611
50230
40330
51901
45888
47680
47111
47570
50802
45264
47918
40890
47565
49960
40733
48978
39729
40889
39195
47108
51311
51892
50690
51128
51844
50977
48489
50037
47240
50811
50095
51386
47917
48482
51307
47234
51414
48480
50978
47609
50075
46113
51835
51132
45341
40811
51556
40261
50194
48546
50620
51879
51821
50187
47002
50987
51000
51782
50691
46999
45241
51831
47925
50991
46041
47076
51564
45550
47614
50036
45824
40883
40278
45551
45161
47072
49808
40317
47937
40881
51313
50624
49903
51817
51126
50192
51854
48487
47132
51786
50097
50612
48484
51416
49904
47970
47121
45134
45982
51308
49964
48476
47830
47061
51895
40851
51025
51131
46116
49784
50639
49983
49906
47154
51915
50788
47150
45599
50625
49907
51816
47003
50190
51787
50305
45559
47511
45501
40591
47952
40206
45330
39706
40742
46997
45560
40882
44306
45988
47738
52572
50402
52571
50401
50657
50693
50453
50604
50678
52570
50618
51878
49999
51855
50414
52569
50387
46966
50025
51843
45534
50186
47934
51900
51001
49949
47729
50376
47920
50622
47131
50343
47115
50342
50355
42987
47734
40431
45522
45286
46038
47948
47725
40684
49074
45263
47214
48722
40371
46082
39257
40373
50198
40256
45931
44914
45254
50459
47673
40207
42620
42619
40715
50415
50727
50603
50730
50735
51857
49888
51833
51905
51946
50070
51936
47519
50425
47078
47239
49919
47515
51562
50798
50178
48402
48406
48404
48517
50048
51796
50049
50052
50761
48713
51022
47069
47951
